						19
				

					
-----------------------------------------------------------------------------------	
						19
					18


-----------------------------------------------------------------------------------
				
						19
					18
				16		vira a direita


				
-----------------------------------------------------------------------------------

						18
					16		19


-----------------------------------------------------------------------------------

						18
					16		19
				15



-----------------------------------------------------------------------------------

						18
					16		19
				15		17



-----------------------------------------------------------------------------------

						18
					16		19
				15		17
			2

-----------------------------------------------------------------------------------


						16
					15		18
				2		  17		19


-----------------------------------------------------------------------------------

						16
					15		18
				2		  17		19
				   6


-----------------------------------------------------------------------------------

						16
				    6		  18
				2	  15   17	  19
				   


				   
----------------------------------------SEGUNDA-------------------------------------------

						41
										
-----------------------------------------------------------------------------------

						41
					38
					
-----------------------------------------------------------------------------------


						41
					38
				31 A DIREITA
				
-----------------------------------------------------------------------------------

						38
					31		41
					
-----------------------------------------------------------------------------------

						38
					31		41
				12	

-----------------------------------------------------------------------------------

						38
					31		41
				12
				
-----------------------------------------------------------------------------------

						38
					31		41
				12
					19
					
-----------------------------------------------------------------------------------

						38
					31dir	41		rot dupla
				12 
		    esquerda19

-----------------------------------------------------------------------------------

						38
					19dir	41
				12	  31	   
			  8	
			
-----------------------------------------------------------------------------------

			  
						19
					12	  38
				8	    31	 41   
			